10
-1	43	69	10	29	21	45	84	46	3	
43	-1	35	50	39	83	64	91	41	71	
69	35	-1	73	79	79	90	80	11	0	
10	50	73	-1	10	12	92	65	95	3	
29	39	79	10	-1	91	3	73	67	32	
21	83	79	12	91	-1	94	12	83	5	
45	64	90	92	3	94	-1	82	17	21	
84	91	80	65	73	12	82	-1	87	66	
46	41	11	95	67	83	17	87	-1	51	
3	71	0	3	32	5	21	66	51	-1	
